237D:E766   00 00 22 00 28 1F 13 7A 7D 23 4C 06 00 00 0C 00 
237D:E776   00 00 16 72 07 00 44 E8 54 15 30 19 26 00 00 00 
237D:E786   0B 00 0F 00 0D 00 06 00 AF 00 46 6F 72 74 69 66 
237D:E796   01 00 77 36 01 00 80 D0 00 F0 47 D0 00 F0 31 9D 
237D:E7A6   00 00 B1 5E 7D 23 2A E8 41 00 AA 7F 6A 79 00 00 
237D:E7B6   D5 E7 7D 23 64 00 21 00 A8 2D 2A 00 61 00 2E 00 
237D:E7C6   2E 00 6A 79 8F 32 00 00 0E D9 00 00 BC 46 30 19 
237D:E7D6   01 00 25 D6 01 00 00 00 00 F0 1C 00 07 00 07 00 
237D:E7E6   00 00 00 00 00 00 01 00 2B 00 07 00 56 49 4C 4C 
237D:E7F6   41 47 45 48 41 50 50 59 00 00 25 3F 00 00 25 D6 
237D:E806   25 3F 43 CA 00 F0 46 72 87 2F 30 19 46 72 00 00 
237D:E816   25 D6 A2 D6 61 2E 66 23 A2 D6 25 D6 DE 1C 0E E9 
237D:E826   28 1F 02 00 94 E8 8B 23 30 19 6B 10 28 1F 05 77 
237D:E836   7D 23 0F 00 00 00 99 07 0B 00 02 72 0B 00 94 E8 
237D:E846   54 15 30 19 26 00 1F 00 21 00 0F 00 0E E9 7B 03 
237D:E856   01 00 7D 23 9D 15 00 00 7D 23 28 04 20 00 0C 04 
237D:E866   26 00 0C 00 5D 15 20 00 FD DD 26 00 00 00 20 00 
237D:E876   0F 00 40 30 0E E9 01 00 B2 E8 1E 1F 1E 1F 2B 00 
237D:E886   7D 23 0F 00 FF FF 0C 04 FF FF 02 72 0B 00 B0 E8 
237D:E896   54 15 30 19 26 00 1F 00 21 00 13 79 21 00 0F 00 
237D:E8A6   1F 00 05 00 FF FF 46 72 01 00 C0 E8 54 15 30 19 
237D:E8B6   FF FF 01 00 01 00 00 00 05 00 CE E8 54 15 30 19 
237D:E8C6   00 00 00 00 00 00 01 00 DE E8 54 15 30 19 54 15 
237D:E8D6   30 19 05 00 06 72 00 00 FC E8 54 15 30 19 32 2B 
237D:E8E6   10 E9 03 00 AF 13 00 00 10 00 32 2B 00 00 00 00 
237D:E8F6   7F 12 82 72 01 00 0E E9 54 15 30 19 00 00 F1 68 
237D:E906   13 00 00 00 F1 68 3D 0C 20 E9 54 15 30 19 32 2B 
237D:E916   32 2B 03 00 00 00 01 00 00 00 00 00 54 15 30 19 
237D:E926   01 00 2C E9 C4 E9 30 E9 00 00 41 3A 5C 56 52 34 
237D:E936   31 37 45 31 2E 45 58 45 00 23 80 00 43 4F 4D 53 
237D:E946   50 45 43 3D 5A 3A 5C 43 4F 4D 4D 41 4E 44 2E 43 
237D:E956   4F 4D 00 50 41 54 48 3D 5A 3A 5C 3B 5A 3A 5C 53 
237D:E966   59 53 54 45 4D 3B 5A 3A 5C 42 49 4E 3B 5A 3A 5C 
237D:E976   44 4F 53 3B 5A 3A 5C 34 44 4F 53 3B 5A 3A 5C 44 
237D:E986   45 42 55 47 3B 5A 3A 5C 54 45 58 54 55 54 49 4C 
237D:E996   00 50 52 4F 4D 50 54 3D 24 50 24 47 00 42 4C 41 
237D:E9A6   53 54 45 52 3D 41 32 32 30 20 49 37 20 44 31 20 
237D:E9B6   48 35 20 50 33 33 30 20 54 36 00 00 0A 00 42 E9 
237D:E9C6   59 E9 97 E9 A3 E9 00 00 01 02 52 49 4E 47 31 7D 
237D:E9D6   20 61 72 65 20 6E 6F 77 20 61 74 20 77 61 72 2E 
237D:E9E6   0A 0A 0A 40 48 41 56 45 54 52 45 41 54 59 0A 40 
237D:E9F6   77 69 64 74 68 3D 31 39 30 0A 22 57 65 20 68 61 
237D:EA06   76 65 20 73 69 67 6E 65 64 20 61 20 70 65 61 63 
237D:EA16   65 20 74 72 65 61 74 79 20 77 69 74 68 20 74 68 
237D:EA26   65 20 7B 25 53 54 52 49 4E 47 30 7D 2C 0A 59 6F 
237D:EA36   75 72 20 45 78 63 65 6C 6C 65 6E 63 79 2E 22 0A 
237D:EA46   0A 43 61 6E 63 65 6C 20 41 63 74 69 6F 6E 2E 0A 
237D:EA56   42 72 65 61 6B 20 54 72 65 61 74 79 2E 0A 0A 0A 
237D:EA66   40 57 48 41 43 4B 49 4E 44 49 41 4E 53 0A 40 77 
237D:EA76   69 64 74 68 3D 31 39 30 0A 53 68 61 6C 6C 20 77 
237D:EA86   65 20 61 74 74 61 63 6B 20 74 68 65 20 7B 25 53 
237D:EA96   54 52 49 4E 47 30 7D 2C 20 59 6F 75 72 20 45 78 
237D:EAA6   63 65 6C 6C 65 6E 63 79 3F 0A 0A 59 65 73 0A 4E 
237D:EAB6   6F 0A 0A 40 56 49 4C 4C 41 47 45 48 41 50 50 59 
237D:EAC6   0A 40 77 69 64 74 68 3D 31 39 30 0A 59 6F 75 72 
237D:EAD6   20 65 78 70 65 64 69 74 69 6F 6E 20 68 61 73 20 
237D:EAE6   72 65 61 63 68 65 64 20 61 20 25 53 54 52 49 4E 
237D:EAF6   47 30 20 6F 66 20 7B 25 53 54 52 49 4E 47 31 7D 
237D:EB06   2E 20 20 54 68 65 0A 69 6E 68 61 62 69 74 61 6E 
237D:EB16   74 73 20 61 72 65 20 70 65 61 63 65 66 75 6C 6C 
237D:EB26   79 20 77 6F 72 6B 69 6E 67 20 69 6E 20 74 68 65 
237D:EB36   20 73 75 72 72 6F 75 6E 64 69 6E 67 20 66 69 65 
237D:EB46   6C 64 73 2E 0A 54 68 65 79 20 77 61 76 65 20 74 
237D:EB56   6F 20 79 6F 75 20 7B 68 61 70 70 69 6C 79 7D 2E 
237D:EB66   0A 0A 40 56 49 4C 4C 41 47 45 53 41 56 41 47 45 
237D:EB76   0A 40 77 69 64 74 68 3D 31 39 30 0A 59 6F 75 72 
237D:EB86   20 65 78 70 65 64 69 74 69 6F 6E 20 68 61 73 20 
237D:EB96   72 65 61 63 68 65 64 20 61 20 25 53 54 52 49 4E 
237D:EBA6   47 30 20 6F 66 20 7B 25 53 54 52 49 4E 47 31 68 
237D:EBB6   65 64 20 61 20 25 53 54 52 49 4E 47 30 20 6F 66 
237D:EBC6   20 7B 25 53 54 52 49 4E 47 31 2D 00 00 00 00 00 
237D:EBD6   00 00 00 00 00 00 00 00 00 00 00 00 00 00 00 00 
237D:EBE6   00 00 00 00 00 00 00 00 00 00 00 00 00 00 00 00 
237D:EBF6   00 00 00 00 00 00 00 00 FE FF 00 00 00 00 00 00 
237D:EC06   00 00 00 00 00 00 00 00 00 00 00 00 00 00 00 00 
237D:EC16   00 00 00 00 00 00 00 00 00 00 00 00 00 00 00 00 
237D:EC26   00 00 00 00 00 00 00 00 00 00 00 00 00 00 00 00 
237D:EC36   00 00 00 00 00 00 00 00 00 00 00 00 00 00 00 00 
237D:EC46   00 00 00 00 00 00 00 00 00 00 00 00 00 00 00 00 
237D:EC56   00 00 00 00 00 00 00 00 00 00 00 00 00 00 00 00 
237D:EC66   00 00 00 00 00 00 00 00 00 00 00 00 00 00 00 00 
237D:EC76   00 00 00 00 00 00 00 00 00 00 00 00 00 00 00 00 
237D:EC86   00 00 00 00 00 00 00 00 00 00 00 00 00 00 00 00 
237D:EC96   00 00 00 00 00 00 00 00 00 00 00 00 00 00 00 00 
237D:ECA6   00 00 00 00 00 00 00 00 00 00 00 00 00 00 00 00 
237D:ECB6   00 00 00 00 00 00 00 00 00 00 00 00 00 00 00 00 
237D:ECC6   00 00 00 00 00 00 00 00 00 00 00 00 00 00 00 00 
237D:ECD6   00 00 00 00 00 00 00 00 00 00 00 00 00 00 00 00 
237D:ECE6   00 00 00 00 00 00 00 00 00 00 4D 13 08 41 00 00 
237D:ECF6   00 00 56 52 34 31 37 45 31 00 30 35 35 35 35 35 
237D:ED06   2E 2E 2E 35 2E 2E 3C 30 30 30 2E 2C 2C 2C 2C 2C 
237D:ED16   2C 2C 2C 2D 2D 2D 2D 2D 2E 30 2E 35 35 2E 2E 2E 
237D:ED26   30 30 2C 2C 2C F8 2C 2D 2D 2D 30 2D 2D 2E 30 2D 
237D:ED36   35 35 35 36 35 30 35 35 35 35 2C 2C 2C 2C F8 F8 
237D:ED46   F5 F8 2C 2D 2D 2D 2D 2D 2E 2E 2E 2E 2D 2D 2D 2E 
237D:ED56   2E 2D 2C 30 30 3C 30 3C 3C 30 2D 2D 30 2D 2D 30 
237D:ED66   2E 2E 30 2E 35 35 35 35 2D 2D 30 2D 30 2D 2D 2D 
237D:ED76   2D 30 35 35 30 30 35 2D 30 30 2C 2D 2D 2C 2C 30 
237D:ED86   30 30 30 30 35 30 30 2D 35 36 35 35 2D 30 30 30 
237D:ED96   30 30 35 2E 2C 30 2C 35 30 30 30 30 30 35 36 36 
237D:EDA6   35 30 2E 35 30 2E 2D 2E 35 2E 2E 2E 35 35 2D F6 
237D:EDB6   2C 2C 2C 2C 2C 2D 2C 2C 2C 2C 2C 2C 2C 2C 2C 2C 
237D:EDC6   2C 30 2D 2D 2E 2E 2E 2D 2D 2C 2C F8 F5 F8 F8 2C 
237D:EDD6   F8 F8 F8 F8 2C 2D F8 2D F8 F8 2C 2D 2C 2C 2C F8 
237D:EDE6   F8 F8 2C 3C 3C 2D 2D 2D 2D 2D 2D 2D 2C 2C 3C 2C 
237D:EDF6   2D 2D 35 35 35 36 30 35 35 35 2C 2C 2C 2D 30 2C 
237D:EE06   2D 2C 2D 30 30 35 35 35 35 35 36 35 35 30 30 35 
237D:EE16   30 2D 2D 2C 2C 2C 2C 2D 2C 2C 30 2D 30 2D 2D 2E 
237D:EE26   2E 2E 2E 30 30 2E 30 35 2D 2D 2D 2D 30 2C 2D 2C 
237D:EE36   2C 2C 2C 2C 2C 2D 2D 2D 2D 35 30 2E 30 2D 2D 2D 
237D:EE46   2C 2C 2D 2D 2C 2C 2C 2C 2C 2C 2C 2C 35 30 2D 30 
237D:EE56   2D 35 35 35 36 35 35 35 2E 35 30 30 2C 2C 30 30 
237D:EE66   30 30 35 30 30 35 30 30 2D 2D 2D 35 35 35 35 2E 
237D:EE76   35 30 30 2E 30 30 2E 2C 2C 2C 2E 35 30 35 35 30 
237D:EE86   30 35 30 35 35 35 35 35 35 30 35 35 2E 35 35 35 
237D:EE96   2E 30 35 35 2E 2C 2C 35 30 30 35 35 35 2C 30 35 
237D:EEA6   30 35 2C 2C 30 30 3C 2C 2C 2C 2C 2C 2C 2C 2C 30 
237D:EEB6   2C 2C 2C 2C 2C 2C 2D 35 3C 2E 2D 3C 3C 2C 2E 2D 
237D:EEC6   2D 2D 2D 2D 2D 2D 2D 2D 30 2E 2E 2D 2D 2D 2D 2D 
237D:EED6   2C 2D 2D 35 2E 2D 2D 2D 2C 2C 2C 2D 2D 2C 2D 2D 
237D:EEE6   2D 2D 35 35 35 35 35 35 36 35 35 35 35 35 35 35 
237D:EEF6   30 35 2E 2D 2C 2C 2D 2D 2D 2D 3C 30 30 2E 2E 30 
237D:EF06   2E 2D 30 35 35 2D 2D 2D 30 30 2D 2D 2D 30 2C 30 
237D:EF16   2C 2C 2C 2C 30 35 2D 2C 2D 2C 3C 2C 2C 2D 2E 2D 
237D:EF26   2D 2E 2E 2C 2C 2C 2D 2D 2D 2C 2D 2D 2C 2D 2C 2D 
237D:EF36   2D 30 30 30 30 30 35 35 2D 35 2C 2C 2D 2D 2D 2D 
237D:EF46   2D 35 30 2E 30 2D 30 30 35 30 35 30 30 36 35 30 
237D:EF56   30 30 30 30 2D 2D 2D 2D 2D 2D 30 35 2D 2D 2D 30 
237D:EF66   2D 2D 2C 30 3C 2C 30 2E 30 30 2C 2C 2D 2D 2C 2C 
237D:EF76   2C 2D 2C 2D 2C F8 2C 2C 2D 2D 2D 2C 2C 2D 2C 2C 
237D:EF86   2C 2D 2C 2D 2D 2D 2D 2C 2C 2C 2C 30 2D 2D 2D F8 
237D:EF96   2C 2C 2D 2C 2D F8 F8 F6 2C 2C 3C 2C 2D 2D 2D 2C 
237D:EFA6   2D 2D 2C 2D 2C 2C 2C 2D 2C 2D 2C 2D 2E 30 2E 30 
237D:EFB6   35 35 36 30 35 35 35 35 30 2C 3C 30 2D 2E 30 35 
237D:EFC6   2D 36 36 36 2E 2D 2D 35 35 3C 35 35 2E 30 35 2E 
237D:EFD6   2D 2D 2C 2C 2D 2C 2C 2C 30 30 2C 2C 2D 2E 2D 2D 
237D:EFE6   2C 2C 2E 2E 2D 2D 2C F8 2C 2C 2C 2C 2C 2C 2C 2C 
237D:EFF6   2C F8 2C 2C 2D 2C 2C 2D 2D 2E 55 55 84 84 84 55 
237D:F006   55 5A 84 55 10 1E 1E 1E 5D 5F 3B 3B 3C 3B 3B 3B 
237D:F016   3B 3B 3C 3B 3A 3A 3B 3B 3B 3B 48 45 55 55 55 5C 
237D:F026   59 84 55 10 18 5A 27 5E 5E 5F 3A 3B 3B 3B 3A 3B 
237D:F036   3B 3B 3B 3B 3B 3B 3B 3A 3B 3C 3A 4B 59 5D 5D 5A 
237D:F046   84 55 5A 16 07 5D 27 5F 5F 3A 3B 3B 3A 3B 3C 3B 
237D:F056   3B 3A 3C 3A 3B 3B 3C 3B 3B 3C 48 3A 3A 4D 5D 5D 
237D:F066   5C 84 55 5A 5A 5D 5C 5F 5F 5F 3A 3B 3A 3A 3B 3B 
237D:F076   3B 3B 3B 3A 3A 3B 3B 3B 3B 3B 4D 4A 4D 3A 5A 5C 
237D:F086   84 55 5B 5C 5A 5C 08 5C 5D 5E 3B 3B 3B 3B 3B 3A 
237D:F096   3A 3B 3B 3C 3B 3B 3C 3B 3B 3B 3A 48 3A 4C 45 49 
237D:F0A6   5B 84 55 5C 5C 5E 5F 5F 5C 4B 3B 3C 3B 3A 3B 3B 
237D:F0B6   3B 3B 3B 3A 3A 3B 3B 3B 3A 3C 49 4F 4D 4A 3A 4F 
237D:F0C6   3A 84 55 5C 5C 4D 4B 45 4C 4F 3B 3B 3A 3B 3B 3A 
237D:F0D6   3B 3B 3B 3C 3B 3B 3C 3B 3B 3B 4A 3A 4A 4C 4F 4B 
237D:F0E6   45 84 55 4A 3A 4A 4F 45 4A 4D 3B 3B 3B 3B 3C 3A 
237D:F0F6   3A 3A 3A 3B 3A 3A 3B 3C 3C 3B 00 00 00 00 00 00 
237D:F106   00 00 00 00 00 00 00 00 00 00 4D 13 08 A1 0F 00 
237D:F116   00 00 56 52 34 31 37 45 31 00 87 89 89 89 89 89 
237D:F126   88 88 88 89 88 88 85 87 87 87 88 84 84 84 84 84 
237D:F136   84 84 84 86 86 86 86 86 88 87 87 89 89 89 89 89 
237D:F146   88 88 88 89 88 88 85 87 87 87 88 84 84 84 84 84 
237D:F156   84 84 84 86 86 86 86 86 88 87 87 89 89 89 89 89 
237D:F166   88 88 88 89 88 88 85 87 87 87 88 84 84 84 84 84 
237D:F176   84 84 84 86 86 86 86 86 88 87 87 89 89 89 89 89 
237D:F186   88 88 88 89 88 88 85 87 87 87 88 84 84 84 84 84 
237D:F196   84 84 84 86 86 86 86 86 88 87 87 89 89 89 89 89 
237D:F1A6   88 88 88 89 88 88 85 87 87 87 88 84 84 84 84 84 
237D:F1B6   84 84 84 86 86 86 86 86 88 87 87 89 89 89 89 89 
237D:F1C6   88 88 88 89 88 88 85 87 87 87 88 84 84 84 84 84 
237D:F1D6   84 84 84 86 86 86 86 86 88 87 87 89 89 89 89 89 
237D:F1E6   88 88 88 89 88 88 85 87 87 87 88 84 84 84 84 84 
237D:F1F6   84 84 84 86 86 86 86 86 88 87 87 89 89 89 89 89 
237D:F206   88 88 88 89 88 88 85 87 87 87 88 84 84 84 84 84 
237D:F216   84 84 84 86 86 86 86 86 88 87 87 89 89 89 89 89 
237D:F226   88 88 88 89 88 88 85 87 87 87 88 84 84 84 84 84 
237D:F236   84 84 84 86 86 86 86 86 88 87 87 89 89 89 89 89 
237D:F246   88 88 88 89 88 88 85 87 87 87 88 84 84 84 84 84 
237D:F256   84 84 84 86 86 86 86 86 88 87 88 89 89 88 88 88 
237D:F266   87 87 84 84 84 82 84 86 95 95 87 86 44 88 87 86 
237D:F276   44 89 44 8A 89 44 44 44 89 89 88 89 89 88 88 88 
237D:F286   87 87 84 84 84 82 84 95 86 95 87 44 44 44 87 44 
237D:F296   44 44 89 44 89 87 89 44 89 89 88 89 89 88 88 88 
237D:F2A6   87 87 84 84 84 82 84 95 95 95 87 44 44 88 87 44 
237D:F2B6   44 89 89 44 44 44 89 44 44 89 88 89 44 44 88 88 
237D:F2C6   87 87 84 84 84 82 84 86 86 86 87 86 86 95 95 86 
237D:F2D6   89 44 44 44 89 44 44 89 89 44 44 44 89 44 44 88 
237D:F2E6   87 44 44 44 84 82 44 44 86 86 87 86 86 88 87 86 
237D:F2F6   89 89 89 8A 89 87 89 95 95 95 88 44 44 88 88 88 
237D:F306   44 87 84 44 44 82 84 44 44 44 87 86 86 88 87 86 
237D:F316   89 89 89 8A 89 87 89 89 89 89 88 89 89 88 88 88 
237D:F326   87 87 84 84 84 82 84 86 86 86 87 86 86 88 87 86 
237D:F336   89 89 89 8A 89 87 89 89 89 89 88 89 89 88 88 88 
237D:F346   87 87 84 84 84 82 84 86 86 86 87 86 86 88 87 86 
237D:F356   89 89 89 8A 89 87 89 89 89 89 95 95 89 44 44 44 
237D:F366   87 44 84 84 84 44 44 44 86 44 87 44 86 44 44 44 
237D:F376   89 44 44 44 89 44 44 44 89 44 44 89 89 44 44 44 
237D:F386   87 44 44 84 84 44 44 44 86 86 44 86 86 88 87 86 
237D:F396   89 89 89 8A 89 87 89 89 89 89 84 84 84 84 82 82 
237D:F3A6   80 82 84 86 86 86 86 95 88 88 88 44 86 44 86 44 
237D:F3B6   88 44 84 44 87 44 87 85 85 87 84 84 84 84 82 82 
237D:F3C6   80 82 84 86 86 86 86 95 88 95 88 88 44 86 86 44 
237D:F3D6   88 86 84 44 87 85 87 44 85 87 84 84 84 84 82 82 
237D:F3E6   80 82 84 86 86 86 86 95 88 95 88 44 86 44 86 44 
237D:F3F6   88 44 84 44 87 85 87 44 85 44 84 44 84 84 82 82 
237D:F406   80 82 84 86 86 86 86 86 88 88 88 88 86 95 86 95 
237D:F416   88 44 84 87 87 44 87 44 85 44 84 44 84 44 82 44 
237D:F426   80 82 44 86 86 44 86 86 88 88 88 88 86 86 86 88 
237D:F436   88 86 84 87 87 85 87 85 95 87 84 44 84 44 82 44 
237D:F446   80 44 84 44 86 44 86 44 88 88 88 88 86 86 86 88 
237D:F456   88 86 84 87 87 85 87 85 85 87 84 84 84 84 82 82 
237D:F466   80 82 84 86 86 86 86 86 88 88 88 88 86 86 86 88 
237D:F476   88 86 84 87 87 85 87 85 85 87 84 84 84 84 82 82 
237D:F486   80 82 84 86 86 86 86 86 88 88 88 88 86 86 86 88 
237D:F496   88 86 84 87 87 85 87 85 85 95 84 84 84 44 82 44 
237D:F4A6   80 44 84 86 86 44 86 44 88 44 44 44 86 86 44 88 
237D:F4B6   88 86 84 44 87 44 87 44 85 44 84 44 84 44 82 82 
237D:F4C6   80 44 84 44 86 86 44 86 88 44 88 44 86 86 86 88 
237D:F4D6   88 86 84 87 87 85 87 85 85 87 86 86 87 86 86 87 
237D:F4E6   88 88 87 88 89 89 89 95 86 95 87 44 44 44 86 44 
237D:F4F6   86 44 89 44 87 44 44 86 87 87 86 86 87 86 86 87 
237D:F506   88 88 87 88 89 89 89 95 86 95 87 86 44 86 86 44 
237D:F516   44 87 89 44 87 44 89 44 87 87 86 86 87 86 86 87 
237D:F526   88 88 87 88 89 89 89 95 86 95 87 44 44 86 86 44 
237D:F536   86 44 89 44 44 87 89 44 44 87 86 86 44 86 86 87 
237D:F546   88 88 87 88 89 89 89 89 86 86 87 86 87 95 95 86 
237D:F556   86 44 44 89 87 44 44 86 87 44 86 44 87 44 44 87 
237D:F566   88 88 44 88 89 89 44 89 86 86 87 86 87 86 86 86 
237D:F576   86 87 89 89 87 87 89 86 95 87 86 44 44 86 86 44 
237D:F586   44 44 87 44 89 44 89 44 44 86 87 86 87 86 86 86 
237D:F596   86 87 89 89 87 87 89 86 87 87 86 86 87 86 86 87 
237D:F5A6   88 88 87 88 89 89 89 89 86 86 87 86 87 86 86 86 
237D:F5B6   86 87 89 89 87 87 89 86 87 87 86 86 87 86 86 87 
237D:F5C6   88 88 87 88 89 89 89 89 86 86 87 86 87 86 86 86 
237D:F5D6   86 87 89 89 87 87 89 86 87 95 86 86 87 44 86 44 
237D:F5E6   88 44 87 88 89 44 89 44 86 44 44 44 87 86 44 86 
237D:F5F6   86 87 44 89 87 44 89 44 87 44 44 86 87 44 44 87 
237D:F606   88 44 87 44 89 89 44 89 86 44 44 44 87 86 86 86 
237D:F616   86 87 89 89 87 87 89 86 87 87 84 86 86 84 84 87 
237D:F626   87 87 87 87 89 87 87 95 89 95 89 44 86 44 87 44 
237D:F636   87 87 89 44 84 44 84 89 87 87 84 86 86 84 84 87 
237D:F646   87 87 87 87 89 87 87 95 89 95 89 89 44 87 87 44 
237D:F656   87 87 89 44 84 44 84 44 87 87 84 86 86 84 84 87 
237D:F666   87 87 87 87 89 87 87 95 89 95 89 44 86 44 87 44 
237D:F676   87 44 89 44 84 87 84 44 87 44 84 86 86 44 84 87 
237D:F686   87 87 87 87 89 87 87 86 89 8A 89 89 86 95 87 95 
237D:F696   87 44 89 88 84 44 84 89 87 44 84 44 86 44 84 44 
237D:F6A6   87 87 44 87 89 87 87 44 89 8A 89 89 86 87 87 87 
237D:F6B6   87 87 89 88 84 87 84 89 95 87 84 44 86 44 84 44 
237D:F6C6   87 44 87 44 89 44 87 44 89 8A 89 89 86 87 87 87 
237D:F6D6   87 87 89 88 84 87 84 89 87 87 84 86 86 84 84 87 
237D:F6E6   87 87 87 87 89 87 87 86 89 8A 89 89 86 87 87 87 
237D:F6F6   87 87 89 88 84 87 84 89 87 87 84 86 86 84 84 87 
237D:F706   87 87 87 87 89 87 87 86 89 8A 89 89 86 87 87 87 
237D:F716   87 87 89 88 84 87 84 89 87 95 84 86 86 44 84 44 
237D:F726   87 44 87 87 89 44 87 44 89 44 89 44 86 87 44 87 
237D:F736   87 44 89 88 84 44 84 44 87 44 84 86 86 44 84 87 
237D:F746   87 44 87 44 89 87 44 86 89 44 89 44 86 87 87 87 
237D:F756   87 87 89 88 84 87 84 89 87 87 87 87 87 89 8A 8A 
